,sim_num,train_percentage,synthetic_percentage,transform,epoch,val_losses,train_losses,val_accuracies
0,0,0.5,0.0,minimal,0,0.9880998805165291,1.04610248003155,0.509765625
1,0,0.5,0.0,minimal,1,0.8497611358761787,0.9086498878896236,0.603515625
2,0,0.5,0.0,minimal,2,0.7551197111606598,0.8123914171010256,0.66015625
3,0,0.5,0.0,minimal,3,0.5700452774763107,0.635154434479773,0.7685546875
4,0,0.5,0.0,minimal,4,0.39125608652830124,0.3885187355335802,0.83984375
5,0,0.5,0.0,minimal,5,0.42207076773047447,0.2134269286179915,0.8369140625
6,0,0.5,0.0,minimal,6,0.15189657220616937,0.11019998023402877,0.943359375
7,0,0.5,0.0,minimal,7,0.1759650914464146,0.03902500412368681,0.9375
8,0,0.5,0.0,minimal,8,0.11716888146474957,0.0226505457831081,0.966796875
9,0,0.5,0.0,minimal,9,0.0825302972807549,0.008356959178854595,0.9775390625
10,1,0.5,0.0,minimal,0,1.0592505559325218,1.0453355889767408,0.5166015625
11,1,0.5,0.0,minimal,1,0.963354304432869,0.9803222808986902,0.5322265625
12,1,0.5,0.0,minimal,2,0.8603906892240047,0.8853686694055796,0.56640625
13,1,0.5,0.0,minimal,3,0.7887011095881462,0.800342864356935,0.6005859375
14,1,0.5,0.0,minimal,4,0.8824811726808548,0.624470332171768,0.615234375
15,1,0.5,0.0,minimal,5,0.45588078163564205,0.42595948022790253,0.818359375
16,1,0.5,0.0,minimal,6,0.44395564682781696,0.24626331659965217,0.8154296875
17,1,0.5,0.0,minimal,7,0.2752974685281515,0.16221340728225186,0.90234375
18,1,0.5,0.0,minimal,8,0.2918394496664405,0.11120988946640864,0.8876953125
19,1,0.5,0.0,minimal,9,0.20833410043269396,0.07707168615888804,0.93359375
20,2,0.5,0.0,minimal,0,0.9610744044184685,1.0399963604286313,0.5703125
21,2,0.5,0.0,minimal,1,0.8878028988838196,0.9364331485703588,0.564453125
22,2,0.5,0.0,minimal,2,0.8333148472011089,0.8678893493488431,0.6171875
23,2,0.5,0.0,minimal,3,0.7433463484048843,0.7676474396139383,0.6904296875
24,2,0.5,0.0,minimal,4,0.5924739670008421,0.6441862802021205,0.771484375
25,2,0.5,0.0,minimal,5,0.42541847936809063,0.4452944532968104,0.833984375
26,2,0.5,0.0,minimal,6,0.46980103477835655,0.31949036032892764,0.8271484375
27,2,0.5,0.0,minimal,7,0.3643310209736228,0.18413500173483044,0.8671875
28,2,0.5,0.0,minimal,8,0.25866949604824185,0.1018270006752573,0.9130859375
29,2,0.5,0.0,minimal,9,0.3242302108556032,0.07618261300376616,0.89453125
30,3,0.5,0.0,minimal,0,0.9038558229804039,1.0151750734075904,0.5595703125
31,3,0.5,0.0,minimal,1,0.8831421434879303,0.8944295179098845,0.5810546875
32,3,0.5,0.0,minimal,2,0.8038771376013756,0.782470878213644,0.6298828125
33,3,0.5,0.0,minimal,3,0.5854215770959854,0.5949923587031662,0.7431640625
34,3,0.5,0.0,minimal,4,0.5005100909620523,0.38508473662659526,0.802734375
35,3,0.5,0.0,minimal,5,0.274720860645175,0.2102375386748463,0.89453125
36,3,0.5,0.0,minimal,6,0.27516904938966036,0.13487028214149177,0.888671875
37,3,0.5,0.0,minimal,7,0.18837509281001985,0.08040636609075591,0.93359375
38,3,0.5,0.0,minimal,8,0.23561832588165998,0.0232232770867995,0.923828125
39,3,0.5,0.0,minimal,9,0.1650927261216566,0.015421318865264766,0.9521484375
40,4,0.5,0.0,minimal,0,0.965127021074295,1.0344166541472077,0.5302734375
41,4,0.5,0.0,minimal,1,0.8824340663850307,0.92057672329247,0.5908203125
42,4,0.5,0.0,minimal,2,0.751247301697731,0.7943028984591365,0.65234375
43,4,0.5,0.0,minimal,3,0.5967367179691792,0.5805317903868854,0.7431640625
44,4,0.5,0.0,minimal,4,0.4657736327499151,0.3710580710321665,0.8154296875
45,4,0.5,0.0,minimal,5,0.35309493262320757,0.26100200903601944,0.8603515625
46,4,0.5,0.0,minimal,6,0.33001989871263504,0.14405496924882755,0.880859375
47,4,0.5,0.0,minimal,7,0.2919711070135236,0.09143693372607231,0.890625
48,4,0.5,0.0,minimal,8,0.18897778214886785,0.038394567658542655,0.93359375
49,4,0.5,0.0,minimal,9,0.19372688233852386,0.015581101115458296,0.9306640625
50,5,0.5,0.0,minimal,0,0.9169760011136532,1.0344925541430712,0.5400390625
51,5,0.5,0.0,minimal,1,0.9166380055248737,0.9177748393267393,0.5166015625
52,5,0.5,0.0,minimal,2,0.8275917433202267,0.8576077613979578,0.59375
53,5,0.5,0.0,minimal,3,0.919697642326355,0.76477943174541,0.568359375
54,5,0.5,0.0,minimal,4,0.6133279148489237,0.6414230177178979,0.7333984375
55,5,0.5,0.0,minimal,5,0.552611181512475,0.5375030795112252,0.7587890625
56,5,0.5,0.0,minimal,6,0.4099724367260933,0.38016828056424856,0.8505859375
57,5,0.5,0.0,minimal,7,0.33931845985352993,0.22303842927794904,0.87890625
58,5,0.5,0.0,minimal,8,0.3003946114331484,0.13070903980406,0.89453125
59,5,0.5,0.0,minimal,9,0.2893475694581866,0.11712656094459817,0.91015625
60,6,0.5,0.0,minimal,0,0.9702894873917103,1.03841317538172,0.5283203125
61,6,0.5,0.0,minimal,1,0.872175071388483,0.9266595588997006,0.548828125
62,6,0.5,0.0,minimal,2,0.8284356519579887,0.8652322171255946,0.60546875
63,6,0.5,0.0,minimal,3,0.7123060747981071,0.7909804824739695,0.681640625
64,6,0.5,0.0,minimal,4,0.801135953515768,0.6379012274555862,0.642578125
65,6,0.5,0.0,minimal,5,0.47813718393445015,0.52239740639925,0.7958984375
66,6,0.5,0.0,minimal,6,0.3409010786563158,0.3299632885027677,0.8623046875
67,6,0.5,0.0,minimal,7,0.3549330150708556,0.19161108799744397,0.8544921875
68,6,0.5,0.0,minimal,8,0.27933136094361544,0.14867895137285814,0.8896484375
69,6,0.5,0.0,minimal,9,0.21627349499613047,0.09538435318972915,0.9091796875
70,7,0.5,0.0,minimal,0,1.0336826480925083,1.0738642802461982,0.5234375
71,7,0.5,0.0,minimal,1,1.0258389040827751,0.9920930471271276,0.5283203125
72,7,0.5,0.0,minimal,2,0.8369115963578224,0.9083058312535286,0.609375
73,7,0.5,0.0,minimal,3,0.7354618087410927,0.8148723505437374,0.6748046875
74,7,0.5,0.0,minimal,4,0.6213720925152302,0.6939940620213747,0.748046875
75,7,0.5,0.0,minimal,5,0.497176356613636,0.5091082733124495,0.7890625
76,7,0.5,0.0,minimal,6,0.3476708196103573,0.3443620123434812,0.86328125
77,7,0.5,0.0,minimal,7,0.30040356423705816,0.1875160465715453,0.8837890625
78,7,0.5,0.0,minimal,8,0.1900469185784459,0.13103316770866513,0.9296875
79,7,0.5,0.0,minimal,9,0.28447399381548166,0.07204617231036536,0.8876953125
80,8,0.5,0.0,minimal,0,0.9125540889799595,1.0150155238807201,0.5625
81,8,0.5,0.0,minimal,1,0.7806779406964779,0.8479045452550054,0.6474609375
82,8,0.5,0.0,minimal,2,0.5448196176439524,0.6567137683741748,0.7646484375
83,8,0.5,0.0,minimal,3,0.40002725273370743,0.43838671152479947,0.8349609375
84,8,0.5,0.0,minimal,4,0.36685868073254824,0.28184529347345233,0.849609375
85,8,0.5,0.0,minimal,5,0.254129262175411,0.15410306060221046,0.9150390625
86,8,0.5,0.0,minimal,6,0.16578048816882074,0.06445368081040215,0.9453125
87,8,0.5,0.0,minimal,7,0.14939790032804012,0.02275226517667761,0.9609375
88,8,0.5,0.0,minimal,8,0.1313057279912755,0.011180501925991848,0.96484375
89,8,0.5,0.0,minimal,9,0.12484263017540798,0.004087806884854217,0.966796875
90,9,0.5,0.0,minimal,0,0.8894708380103111,1.006113356910646,0.578125
91,9,0.5,0.0,minimal,1,0.9098663330078125,0.871201753616333,0.5322265625
92,9,0.5,0.0,minimal,2,0.7203046977519989,0.7757922923192382,0.662109375
93,9,0.5,0.0,minimal,3,0.559494886547327,0.6279926826246083,0.7578125
94,9,0.5,0.0,minimal,4,0.5021966844797134,0.4875292833894491,0.8017578125
95,9,0.5,0.0,minimal,5,0.44802373833954334,0.32690948620438576,0.8056640625
96,9,0.5,0.0,minimal,6,0.41369201708585024,0.22852708981372416,0.83203125
97,9,0.5,0.0,minimal,7,0.3486431324854493,0.14238857143209316,0.87109375
98,9,0.5,0.0,minimal,8,0.2553885653614998,0.11699745751684532,0.9111328125
99,9,0.5,0.0,minimal,9,0.1555470791645348,0.040248364995932207,0.955078125
100,0,0.5,0.0,basic,0,1.0071015991270542,1.0588195119053125,0.5
101,0,0.5,0.0,basic,1,0.8835921995341778,0.985717760398984,0.58984375
102,0,0.5,0.0,basic,2,0.8768179416656494,0.9218712206929922,0.6123046875
103,0,0.5,0.0,basic,3,0.8357120379805565,0.8468706989660859,0.587890625
104,0,0.5,0.0,basic,4,0.7629657089710236,0.7477064598351717,0.6396484375
105,0,0.5,0.0,basic,5,0.7253009676933289,0.6270245546475053,0.6728515625
106,0,0.5,0.0,basic,6,0.5482525620609522,0.5361180533654988,0.7578125
107,0,0.5,0.0,basic,7,0.5053539611399174,0.40855276258662343,0.794921875
108,0,0.5,0.0,basic,8,0.490875918418169,0.3136871596798301,0.8056640625
109,0,0.5,0.0,basic,9,0.46332694590091705,0.26189110486302525,0.8193359375
110,1,0.5,0.0,basic,0,0.9720309972763062,1.0442473394796252,0.53515625
111,1,0.5,0.0,basic,1,0.8785563483834267,0.9523190967738628,0.5673828125
112,1,0.5,0.0,basic,2,0.8368608094751835,0.871701312251389,0.5947265625
113,1,0.5,0.0,basic,3,0.7888379544019699,0.8445878541097045,0.6064453125
114,1,0.5,0.0,basic,4,0.7289492823183537,0.7442243220284581,0.6572265625
115,1,0.5,0.0,basic,5,0.63474066182971,0.6565467957407236,0.7294921875
116,1,0.5,0.0,basic,6,0.5420009773224592,0.528866468463093,0.7705078125
117,1,0.5,0.0,basic,7,0.5126712396740913,0.4503831537440419,0.791015625
118,1,0.5,0.0,basic,8,0.4111684747040272,0.31722747744061053,0.8173828125
119,1,0.5,0.0,basic,9,0.35006144270300865,0.2846277989447117,0.8505859375
120,2,0.5,0.0,basic,0,0.9631982706487179,1.041405851021409,0.5517578125
121,2,0.5,0.0,basic,1,0.8920894004404545,0.9355263719335198,0.5625
122,2,0.5,0.0,basic,2,0.8457153253257275,0.8909727493301034,0.5751953125
123,2,0.5,0.0,basic,3,0.7977239936590195,0.8318258719518781,0.6162109375
124,2,0.5,0.0,basic,4,0.7619969062507153,0.8014791710302234,0.6240234375
125,2,0.5,0.0,basic,5,0.722700409591198,0.7189570888876915,0.66015625
126,2,0.5,0.0,basic,6,0.6545633673667908,0.64517728285864,0.7021484375
127,2,0.5,0.0,basic,7,0.5426446758210659,0.5404989807866514,0.7685546875
128,2,0.5,0.0,basic,8,0.4719670731574297,0.43515351926907897,0.806640625
129,2,0.5,0.0,basic,9,0.42065149173140526,0.3057317764032632,0.8349609375
130,3,0.5,0.0,basic,0,0.993021909147501,1.0242131231352687,0.505859375
131,3,0.5,0.0,basic,1,0.9984443560242653,0.9009647844359279,0.5205078125
132,3,0.5,0.0,basic,2,0.8510208390653133,0.860108096152544,0.591796875
133,3,0.5,0.0,basic,3,0.8318631015717983,0.7761202612891793,0.599609375
134,3,0.5,0.0,basic,4,0.7002247087657452,0.7128975717350841,0.66796875
135,3,0.5,0.0,basic,5,0.6437311433255672,0.6254055728204548,0.7099609375
136,3,0.5,0.0,basic,6,0.5487993154674768,0.48781858943402767,0.763671875
137,3,0.5,0.0,basic,7,0.4215803388506174,0.3535683015361428,0.8271484375
138,3,0.5,0.0,basic,8,0.3990432433784008,0.2945034186122939,0.8466796875
139,3,0.5,0.0,basic,9,0.2729760240763426,0.2023108173161745,0.8876953125
140,4,0.5,0.0,basic,0,0.9765103086829185,1.0420050788670778,0.509765625
141,4,0.5,0.0,basic,1,0.8471236079931259,0.9205538174137473,0.59375
142,4,0.5,0.0,basic,2,0.7809035107493401,0.8467012187466025,0.6259765625
143,4,0.5,0.0,basic,3,0.7023786380887032,0.7647906681522727,0.6767578125
144,4,0.5,0.0,basic,4,0.6440108940005302,0.6445483486168087,0.7255859375
145,4,0.5,0.0,basic,5,0.6954584121704102,0.5552071137353778,0.669921875
146,4,0.5,0.0,basic,6,0.46295672841370106,0.4396842420101166,0.80078125
147,4,0.5,0.0,basic,7,0.3890481982380152,0.3353645890019834,0.8330078125
148,4,0.5,0.0,basic,8,0.35293578915297985,0.2855209175031632,0.8623046875
149,4,0.5,0.0,basic,9,0.31291023921221495,0.2129175941227004,0.876953125
150,5,0.5,0.0,basic,0,0.9394734390079975,1.020246391184628,0.5390625
151,5,0.5,0.0,basic,1,0.8842329569160938,0.9236882366240025,0.568359375
152,5,0.5,0.0,basic,2,0.8196536973118782,0.8500147303566337,0.599609375
153,5,0.5,0.0,basic,3,0.7304859682917595,0.7532910704612732,0.65625
154,5,0.5,0.0,basic,4,0.6693875640630722,0.6556471944786608,0.6953125
155,5,0.5,0.0,basic,5,0.6223246529698372,0.5053055640310049,0.7255859375
156,5,0.5,0.0,basic,6,0.4621687885373831,0.43799665151163936,0.80078125
157,5,0.5,0.0,basic,7,0.42832846380770206,0.3093524961732328,0.8203125
158,5,0.5,0.0,basic,8,0.4456277135759592,0.25838491367176175,0.810546875
159,5,0.5,0.0,basic,9,0.3066397048532963,0.1614642416825518,0.8798828125
160,6,0.5,0.0,basic,0,1.0337305963039398,1.0523332692682743,0.49609375
161,6,0.5,0.0,basic,1,0.9844499975442886,0.9798047635704279,0.537109375
162,6,0.5,0.0,basic,2,0.894609846174717,0.9052516110241413,0.576171875
163,6,0.5,0.0,basic,3,0.8614620640873909,0.8640723498538136,0.5849609375
164,6,0.5,0.0,basic,4,0.8178808726370335,0.8212946625426412,0.611328125
165,6,0.5,0.0,basic,5,0.8268075920641422,0.761826952919364,0.59375
166,6,0.5,0.0,basic,6,0.6699425801634789,0.6821689419448376,0.7158203125
167,6,0.5,0.0,basic,7,0.6408353745937347,0.6031164387241006,0.720703125
168,6,0.5,0.0,basic,8,0.5452416595071554,0.5188285917975008,0.77734375
169,6,0.5,0.0,basic,9,0.4803676549345255,0.4047701337840408,0.7880859375
170,7,0.5,0.0,basic,0,1.0148307643830776,1.0684897238388658,0.5185546875
171,7,0.5,0.0,basic,1,0.906130138784647,0.9841905878856778,0.5654296875
172,7,0.5,0.0,basic,2,0.8796697668731213,0.913356576114893,0.5693359375
173,7,0.5,0.0,basic,3,0.8332015238702297,0.849073707126081,0.599609375
174,7,0.5,0.0,basic,4,0.8156878091394901,0.8130953535437584,0.6005859375
175,7,0.5,0.0,basic,5,0.7446644902229309,0.7395202703773975,0.6552734375
176,7,0.5,0.0,basic,6,0.6970547139644623,0.6735792108811438,0.6904296875
177,7,0.5,0.0,basic,7,0.6750181950628757,0.6076896167360246,0.6923828125
178,7,0.5,0.0,basic,8,0.5744072590023279,0.5275881569832563,0.7353515625
179,7,0.5,0.0,basic,9,0.5105610769242048,0.4361708238720894,0.7939453125
180,8,0.5,0.0,basic,0,0.904992189258337,1.0080372104421258,0.541015625
181,8,0.5,0.0,basic,1,0.8880076482892036,0.9136852528899908,0.5478515625
182,8,0.5,0.0,basic,2,0.8633355721831322,0.8539677001535892,0.5791015625
183,8,0.5,0.0,basic,3,0.775111623108387,0.8179186442866921,0.6142578125
184,8,0.5,0.0,basic,4,0.7189114987850189,0.741347998380661,0.654296875
185,8,0.5,0.0,basic,5,0.6206544116139412,0.6378413271158934,0.7353515625
186,8,0.5,0.0,basic,6,0.5860578026622534,0.5264077954925597,0.7412109375
187,8,0.5,0.0,basic,7,0.5047300737351179,0.4224948128685355,0.779296875
188,8,0.5,0.0,basic,8,0.4324238430708647,0.33391803363338113,0.8193359375
189,8,0.5,0.0,basic,9,0.36323760729283094,0.2827688886318356,0.8525390625
190,9,0.5,0.0,basic,0,1.0003767758607864,1.0458942661061883,0.4970703125
191,9,0.5,0.0,basic,1,0.9601991958916187,0.9741578958928585,0.5146484375
192,9,0.5,0.0,basic,2,0.9046527855098248,0.906106598675251,0.533203125
193,9,0.5,0.0,basic,3,0.862753551453352,0.8567675668746233,0.576171875
194,9,0.5,0.0,basic,4,0.8528488352894783,0.8398846844211221,0.5771484375
195,9,0.5,0.0,basic,5,0.8046620339155197,0.7948773810639977,0.5869140625
196,9,0.5,0.0,basic,6,0.698919590562582,0.7298755468800664,0.6611328125
197,9,0.5,0.0,basic,7,0.6233057901263237,0.6775378882884979,0.7109375
198,9,0.5,0.0,basic,8,0.5618173982948065,0.5366487889550626,0.75390625
199,9,0.5,0.0,basic,9,0.5275695230811834,0.4635820686817169,0.7607421875
200,0,0.5,0.0,auto,0,1.0230736136436462,1.0677083916962147,0.509765625
201,0,0.5,0.0,auto,1,1.0545288175344467,1.042354711331427,0.509765625
202,0,0.5,0.0,auto,2,1.0353695712983608,1.0418264819309115,0.5341796875
203,1,0.5,0.0,auto,0,1.0661073178052902,1.0564609104767442,0.490234375
204,1,0.5,0.0,auto,1,1.0582446120679379,1.0291759772226214,0.490234375
205,1,0.5,0.0,auto,2,1.063897617161274,1.0354592194780707,0.490234375
206,1,0.5,0.0,auto,3,1.034384023398161,1.0228161718696356,0.494140625
207,1,0.5,0.0,auto,4,1.02035603672266,0.997428297996521,0.5029296875
208,1,0.5,0.0,auto,5,0.9625421836972237,0.9585386943072081,0.5498046875
209,1,0.5,0.0,auto,6,0.9853685274720192,0.9225008320063353,0.5361328125
210,1,0.5,0.0,auto,7,0.8984082266688347,0.9124567406252027,0.5751953125
211,1,0.5,0.0,auto,8,0.8929448164999485,0.8647467913106084,0.59375
212,1,0.5,0.0,auto,9,0.8484494388103485,0.846065548248589,0.611328125
213,2,0.5,0.0,auto,0,1.0641759224236012,1.0549356881529093,0.4794921875
214,2,0.5,0.0,auto,1,1.0527731031179428,1.04422886390239,0.486328125
215,2,0.5,0.0,auto,2,1.0013133510947227,1.0220479872077703,0.505859375
216,2,0.5,0.0,auto,3,0.9559428356587887,0.977707545273006,0.5166015625
217,2,0.5,0.0,auto,4,0.9892039783298969,0.9424290377646685,0.5185546875
218,2,0.5,0.0,auto,5,0.9208284020423889,0.9211214343085885,0.5400390625
219,2,0.5,0.0,auto,6,0.8838274367153645,0.882900845259428,0.5478515625
220,2,0.5,0.0,auto,7,0.8633419647812843,0.8584378147497773,0.5712890625
221,2,0.5,0.0,auto,8,0.8478109575808048,0.8260636366903782,0.6005859375
222,2,0.5,0.0,auto,9,0.8476015254855156,0.7885044533759356,0.6025390625
223,3,0.5,0.0,auto,0,1.059409774839878,1.064949438907206,0.494140625
224,3,0.5,0.0,auto,1,1.047692958265543,1.0327035076916218,0.494140625
225,3,0.5,0.0,auto,2,1.0449849106371403,1.0281756520271301,0.494140625
226,3,0.5,0.0,auto,3,1.0633216090500355,1.0078200362622738,0.4931640625
227,3,0.5,0.0,auto,4,0.9851646982133389,0.9740172121673822,0.51953125
228,3,0.5,0.0,auto,5,0.9413117319345474,0.9424588540568948,0.5537109375
229,3,0.5,0.0,auto,6,0.9299723468720913,0.9007555609568954,0.548828125
230,3,0.5,0.0,auto,7,0.8824695609509945,0.8550538308918476,0.5693359375
231,3,0.5,0.0,auto,8,0.872903149574995,0.8368874061852694,0.58984375
232,3,0.5,0.0,auto,9,0.8027808554470539,0.7799017801880836,0.60546875
233,4,0.5,0.0,auto,0,1.033882725983858,1.0787762850522995,0.4931640625
234,4,0.5,0.0,auto,1,0.9853378608822823,1.0442458223551512,0.5205078125
235,4,0.5,0.0,auto,2,0.9716125391423702,0.9992438638582826,0.521484375
236,4,0.5,0.0,auto,3,0.8808739297091961,0.9537894623354077,0.583984375
237,4,0.5,0.0,auto,4,0.8937033079564571,0.9170536836609244,0.57421875
238,4,0.5,0.0,auto,5,0.9013451263308525,0.8672592584043741,0.560546875
239,5,0.5,0.0,auto,0,1.0512171611189842,1.0573762012645602,0.501953125
240,5,0.5,0.0,auto,1,1.0416322611272335,1.0373085672035813,0.501953125
241,5,0.5,0.0,auto,2,1.019109882414341,1.0135856894776225,0.4912109375
242,5,0.5,0.0,auto,3,0.9708740673959255,0.9829928996041417,0.53515625
243,5,0.5,0.0,auto,4,0.9430901296436787,0.9412834672257304,0.55078125
244,5,0.5,0.0,auto,5,0.9105184003710747,0.9281457448378205,0.5380859375
245,5,0.5,0.0,auto,6,0.907400120049715,0.8955283490940928,0.5498046875
246,5,0.5,0.0,auto,7,0.8816157951951027,0.8518996546044946,0.591796875
247,5,0.5,0.0,auto,8,0.8544284924864769,0.8236225806176662,0.587890625
248,5,0.5,0.0,auto,9,0.8212118595838547,0.7582652438431978,0.6025390625
249,6,0.5,0.0,auto,0,1.0570724569261074,1.0596305541694164,0.486328125
250,6,0.5,0.0,auto,1,1.044000532478094,1.039444351568818,0.486328125
251,6,0.5,0.0,auto,2,1.0197123289108276,1.0221338318660855,0.4951171875
252,6,0.5,0.0,auto,3,0.9741539396345615,0.975294679403305,0.5244140625
253,6,0.5,0.0,auto,4,0.9310223013162613,0.946308733895421,0.5400390625
254,6,0.5,0.0,auto,5,0.9312785863876343,0.9144846796989441,0.5390625
255,6,0.5,0.0,auto,6,0.9096856266260147,0.8960310621187091,0.5478515625
256,6,0.5,0.0,auto,7,0.8828872032463551,0.8527891431003809,0.56640625
257,6,0.5,0.0,auto,8,0.8600505143404007,0.808252296410501,0.6064453125
258,6,0.5,0.0,auto,9,0.7914605736732483,0.7427698820829391,0.6181640625
259,7,0.5,0.0,auto,0,1.0695235393941402,1.058012173511088,0.4814453125
260,7,0.5,0.0,auto,1,1.121530920267105,1.0268530091270804,0.4814453125
261,7,0.5,0.0,auto,2,1.0477948561310768,1.0234237927943468,0.5
262,7,0.5,0.0,auto,3,0.9947804324328899,0.9928295314311981,0.5126953125
263,7,0.5,0.0,auto,4,0.9235236644744873,0.9406266417354345,0.544921875
264,7,0.5,0.0,auto,5,0.9809602461755276,0.9022834124043584,0.5244140625
265,7,0.5,0.0,auto,6,0.9371351227164268,0.8634588178247213,0.5244140625
266,8,0.5,0.0,auto,0,1.0492917448282242,1.057883565314114,0.5224609375
267,8,0.5,0.0,auto,1,1.0328523591160774,1.0388993229717016,0.5224609375
268,8,0.5,0.0,auto,2,1.0230363719165325,1.028491753153503,0.5185546875
269,8,0.5,0.0,auto,3,0.9791478291153908,0.9919243426993489,0.560546875
270,8,0.5,0.0,auto,4,0.9131745994091034,0.9260864509269595,0.541015625
271,8,0.5,0.0,auto,5,0.8533808812499046,0.8807446174323559,0.5908203125
272,8,0.5,0.0,auto,6,0.8588258475065231,0.8301946641877294,0.607421875
273,8,0.5,0.0,auto,7,0.7902022190392017,0.7618859354406595,0.6259765625
274,8,0.5,0.0,auto,8,0.7152834199368954,0.6948209339752793,0.666015625
275,8,0.5,0.0,auto,9,0.6834421306848526,0.6367708845064044,0.7021484375
276,9,0.5,0.0,auto,0,1.0289132483303547,1.0608484046533704,0.5009765625
277,9,0.5,0.0,auto,1,1.0232722125947475,1.0428434116765857,0.5009765625
278,9,0.5,0.0,auto,2,0.9864795953035355,1.0198091147467494,0.52734375
279,9,0.5,0.0,auto,3,0.9438115879893303,0.9887804687023163,0.576171875
280,9,0.5,0.0,auto,4,0.9238194450736046,0.927365705370903,0.560546875
281,9,0.5,0.0,auto,5,0.8770918026566505,0.8841982455924153,0.5869140625
282,9,0.5,0.0,auto,6,0.8616715781390667,0.8351304931566119,0.5810546875
283,9,0.5,0.0,auto,7,0.7936743497848511,0.7755636600777507,0.6455078125
284,9,0.5,0.0,auto,8,0.74783755838871,0.7319576172158122,0.6513671875
285,9,0.5,0.0,auto,9,0.7375962883234024,0.6501335510984063,0.6650390625
286,0,0.5,0.5,minimal,0,1.0070826262235641,1.0465710116550326,0.5
287,0,0.5,0.5,minimal,1,0.8927265927195549,0.9554779473692179,0.578125
288,0,0.5,0.5,minimal,2,0.8320467844605446,0.8648634506389499,0.607421875
289,0,0.5,0.5,minimal,3,0.7495471835136414,0.7600268227979541,0.666015625
290,0,0.5,0.5,minimal,4,0.6641289759427309,0.6163904517889023,0.7255859375
291,0,0.5,0.5,minimal,5,0.6998837776482105,0.451989455614239,0.6787109375
292,0,0.5,0.5,minimal,6,0.4089653957635164,0.34132202831096947,0.8349609375
293,0,0.5,0.5,minimal,7,0.3689105175435543,0.24081851111259311,0.8466796875
294,0,0.5,0.5,minimal,8,0.26296925358474255,0.18128870252985507,0.8896484375
295,0,0.5,0.5,minimal,9,0.26500724349170923,0.09563437040196732,0.90234375
296,1,0.5,0.5,minimal,0,0.9638744257390499,1.034693269059062,0.5146484375
297,1,0.5,0.5,minimal,1,0.8851166926324368,0.8981325644999743,0.568359375
298,1,0.5,0.5,minimal,2,0.8791031055152416,0.8085418436676264,0.6220703125
299,1,0.5,0.5,minimal,3,0.6936386190354824,0.6785129243507981,0.7099609375
300,1,0.5,0.5,minimal,4,0.5755218639969826,0.5716614509001374,0.7763671875
301,1,0.5,0.5,minimal,5,0.43375224247574806,0.37153674592263997,0.8349609375
302,1,0.5,0.5,minimal,6,0.41971080377697945,0.2544885210227221,0.8173828125
303,1,0.5,0.5,minimal,7,0.44376122299581766,0.18165683303959668,0.8203125
304,1,0.5,0.5,minimal,8,0.25036365911364555,0.1242442219518125,0.9091796875
305,1,0.5,0.5,minimal,9,0.1709119959268719,0.06550618904293515,0.939453125
306,2,0.5,0.5,minimal,0,1.0046893544495106,1.047787676565349,0.501953125
307,2,0.5,0.5,minimal,1,0.9822918735444546,0.9382871789857745,0.5283203125
308,2,0.5,0.5,minimal,2,0.847239900380373,0.8756720097735524,0.6142578125
309,2,0.5,0.5,minimal,3,0.8102685697376728,0.7717539025470614,0.62109375
310,2,0.5,0.5,minimal,4,0.673373393714428,0.6457568677142262,0.7099609375
311,2,0.5,0.5,minimal,5,0.44568802788853645,0.41037191334180534,0.8271484375
312,2,0.5,0.5,minimal,6,0.33785039000213146,0.22769320255611092,0.8525390625
313,2,0.5,0.5,minimal,7,0.2901219539344311,0.15982583729783073,0.8828125
314,2,0.5,0.5,minimal,8,0.2771932347677648,0.10088566032936797,0.900390625
315,2,0.5,0.5,minimal,9,0.21855502482503653,0.04182853497331962,0.9326171875
316,3,0.5,0.5,minimal,0,0.9603744484484196,1.0219312766566873,0.51953125
317,3,0.5,0.5,minimal,1,0.8669772781431675,0.8854335518553853,0.60546875
318,3,0.5,0.5,minimal,2,0.8055376037955284,0.7954287445172668,0.6357421875
319,3,0.5,0.5,minimal,3,0.6698033399879932,0.6310713347047567,0.73046875
320,3,0.5,0.5,minimal,4,0.5195844434201717,0.4488127897493541,0.806640625
321,3,0.5,0.5,minimal,5,0.371553928591311,0.3010006274562329,0.8623046875
322,3,0.5,0.5,minimal,6,0.3703964129090309,0.18493128393311054,0.8701171875
323,3,0.5,0.5,minimal,7,0.3078513918444514,0.09365922334836796,0.89453125
324,3,0.5,0.5,minimal,8,0.23589973617345095,0.06421400322869886,0.935546875
325,3,0.5,0.5,minimal,9,0.23624373646453023,0.020674785555456765,0.9443359375
326,4,0.5,0.5,minimal,0,0.9549794718623161,1.0410075411200523,0.51171875
327,4,0.5,0.5,minimal,1,0.9243368022143841,0.9283546609804034,0.5576171875
328,4,0.5,0.5,minimal,2,0.8133950382471085,0.8261499693617225,0.6376953125
329,4,0.5,0.5,minimal,3,0.6623024865984917,0.6697141388431191,0.7158203125
330,4,0.5,0.5,minimal,4,0.5044751148670912,0.4587309486232698,0.767578125
331,4,0.5,0.5,minimal,5,0.2878140266984701,0.23548012704122812,0.89453125
332,4,0.5,0.5,minimal,6,0.27554575679823756,0.14738188951741904,0.8974609375
333,4,0.5,0.5,minimal,7,0.2234459682367742,0.06791979682748206,0.919921875
334,4,0.5,0.5,minimal,8,0.1583640710450709,0.047842846739513334,0.94140625
335,4,0.5,0.5,minimal,9,0.13425315904896706,0.02156454736905289,0.9580078125
336,5,0.5,0.5,minimal,0,1.020087756216526,1.021618239581585,0.49609375
337,5,0.5,0.5,minimal,1,0.9404425024986267,0.8990611089393497,0.5537109375
338,5,0.5,0.5,minimal,2,0.8790901228785515,0.79339165892452,0.5537109375
339,5,0.5,0.5,minimal,3,0.5946232751011848,0.6050665718503296,0.7451171875
340,5,0.5,0.5,minimal,4,0.5519591029733419,0.4077060411218554,0.76171875
341,5,0.5,0.5,minimal,5,0.457655668258667,0.25167548353783786,0.818359375
342,5,0.5,0.5,minimal,6,0.3194704670459032,0.13041560375131667,0.8974609375
343,5,0.5,0.5,minimal,7,0.18619026942178607,0.07222130993613973,0.94140625
344,5,0.5,0.5,minimal,8,0.5185045879334211,0.06259065905760508,0.8125
345,5,0.5,0.5,minimal,9,0.22315846756100655,0.05519259968059487,0.927734375
346,6,0.5,0.5,minimal,0,0.9822966791689396,1.039889949373901,0.498046875
347,6,0.5,0.5,minimal,1,0.8358730860054493,0.8905589692294598,0.6044921875
348,6,0.5,0.5,minimal,2,0.7381110787391663,0.7397125167772174,0.7001953125
349,6,0.5,0.5,minimal,3,0.6109393145889044,0.5273423478938639,0.716796875
350,6,0.5,0.5,minimal,4,0.43883957900106907,0.37421191157773137,0.8330078125
351,6,0.5,0.5,minimal,5,0.3102340465411544,0.20752620266284794,0.890625
352,6,0.5,0.5,minimal,6,0.2179418378509581,0.1356210954254493,0.9228515625
353,6,0.5,0.5,minimal,7,0.23485222086310387,0.08537292570690624,0.921875
354,6,0.5,0.5,minimal,8,0.17652481282129884,0.04026539380720351,0.9423828125
355,6,0.5,0.5,minimal,9,0.1602484006434679,0.021667931250703987,0.9482421875
356,7,0.5,0.5,minimal,0,0.9738867431879044,1.0714644212275743,0.517578125
357,7,0.5,0.5,minimal,1,0.893785372376442,0.9688436770811677,0.5703125
358,7,0.5,0.5,minimal,2,0.857660785317421,0.885803697630763,0.591796875
359,7,0.5,0.5,minimal,3,0.6670644171535969,0.7833365257829428,0.7109375
360,7,0.5,0.5,minimal,4,0.6093367375433445,0.6032700571231544,0.7109375
361,7,0.5,0.5,minimal,5,0.46173513866961,0.40372592164203525,0.8076171875
362,7,0.5,0.5,minimal,6,0.4235604666173458,0.28866693703457713,0.8125
363,7,0.5,0.5,minimal,7,0.2170635643415153,0.16243171889800578,0.923828125
364,7,0.5,0.5,minimal,8,0.1850472278892994,0.07994529808638617,0.935546875
365,7,0.5,0.5,minimal,9,0.4196891840547323,0.05828417107113637,0.830078125
366,8,0.5,0.5,minimal,0,0.9412274472415447,1.0256945043802261,0.5380859375
367,8,0.5,0.5,minimal,1,0.8821706958115101,0.9247985379770398,0.5751953125
368,8,0.5,0.5,minimal,2,0.7919440716505051,0.8023531995713711,0.6494140625
369,8,0.5,0.5,minimal,3,0.5830070450901985,0.6129054394550622,0.7509765625
370,8,0.5,0.5,minimal,4,0.6695063952356577,0.4145653089508414,0.7060546875
371,8,0.5,0.5,minimal,5,0.4570248369127512,0.30296099081169814,0.8037109375
372,8,0.5,0.5,minimal,6,0.2613580320030451,0.16498425393365324,0.89453125
373,8,0.5,0.5,minimal,7,0.2479963507503271,0.09714642856852151,0.90625
374,8,0.5,0.5,minimal,8,0.19178498908877373,0.08571720338659361,0.921875
375,8,0.5,0.5,minimal,9,0.1432720401789993,0.056693810198339634,0.953125
376,9,0.5,0.5,minimal,0,1.0523157492280006,1.0663421340286732,0.353515625
377,9,0.5,0.5,minimal,1,0.9805354252457619,1.0147774685174227,0.5146484375
378,9,0.5,0.5,minimal,2,0.9007541500031948,0.9552248101681471,0.5546875
379,9,0.5,0.5,minimal,3,0.893719982355833,0.88947459962219,0.5361328125
380,9,0.5,0.5,minimal,4,0.7812126018106937,0.8262023907154799,0.609375
381,9,0.5,0.5,minimal,5,0.6823854930698872,0.7327440697699785,0.693359375
382,9,0.5,0.5,minimal,6,0.5176264122128487,0.5707788090221584,0.7861328125
383,9,0.5,0.5,minimal,7,0.4737017396837473,0.41703439177945256,0.810546875
384,9,0.5,0.5,minimal,8,0.3535658176988363,0.2853449732065201,0.865234375
385,9,0.5,0.5,minimal,9,0.3096977546811104,0.15882923442404717,0.884765625
386,0,0.5,0.5,basic,0,0.9033547788858414,1.0414575263857841,0.55078125
387,0,0.5,0.5,basic,1,0.8529571704566479,0.9547118442133069,0.5625
388,0,0.5,0.5,basic,2,0.8334602974355221,0.8840592559427023,0.5712890625
389,0,0.5,0.5,basic,3,0.7954348139464855,0.8522685524076223,0.6201171875
390,0,0.5,0.5,basic,4,0.7446946576237679,0.7946001905947924,0.63671875
391,0,0.5,0.5,basic,5,0.7265216410160065,0.7324358401820064,0.6328125
392,0,0.5,0.5,basic,6,0.6322130225598812,0.6609683441929519,0.7060546875
393,0,0.5,0.5,basic,7,0.5552625898271799,0.5720948367379606,0.7578125
394,0,0.5,0.5,basic,8,0.4763099458068609,0.47245283192023635,0.810546875
395,0,0.5,0.5,basic,9,0.4270580504089594,0.40296373423188925,0.826171875
396,1,0.5,0.5,basic,0,0.9960823394358158,1.0517090521752834,0.50390625
397,1,0.5,0.5,basic,1,0.8638449423015118,0.9101048354059458,0.58984375
398,1,0.5,0.5,basic,2,0.813854344189167,0.8203392988070846,0.615234375
399,1,0.5,0.5,basic,3,0.7075038366019726,0.7255210839211941,0.67578125
400,1,0.5,0.5,basic,4,0.6602224167436361,0.599191939458251,0.708984375
401,1,0.5,0.5,basic,5,0.5160840656608343,0.4735910794697702,0.798828125
402,1,0.5,0.5,basic,6,0.45980269461870193,0.3380369679071009,0.806640625
403,1,0.5,0.5,basic,7,0.39179035648703575,0.2970544439740479,0.845703125
404,1,0.5,0.5,basic,8,0.2924539539963007,0.17229321412742138,0.8994140625
405,1,0.5,0.5,basic,9,0.34869175683707,0.16588651243364438,0.8603515625
406,2,0.5,0.5,basic,0,1.06498072296381,1.040761660784483,0.4921875
407,2,0.5,0.5,basic,1,0.9141679890453815,0.9310643803328276,0.5615234375
408,2,0.5,0.5,basic,2,0.8505455851554871,0.8490812303498387,0.58203125
409,2,0.5,0.5,basic,3,0.7758126556873322,0.7913704635575414,0.6513671875
410,2,0.5,0.5,basic,4,0.7303202338516712,0.709516211412847,0.6533203125
411,2,0.5,0.5,basic,5,0.749487854540348,0.602825025562197,0.6416015625
412,2,0.5,0.5,basic,6,0.5479919333010912,0.49772505555301905,0.771484375
413,2,0.5,0.5,basic,7,0.44774570781737566,0.4111548310611397,0.80859375
414,2,0.5,0.5,basic,8,0.359100098721683,0.3061523374635726,0.873046875
415,2,0.5,0.5,basic,9,0.3285555671900511,0.2520234670955688,0.8798828125
416,3,0.5,0.5,basic,0,0.998130563646555,1.0714154290035367,0.51953125
417,3,0.5,0.5,basic,1,0.9158638045191765,0.9750796537846327,0.5712890625
418,3,0.5,0.5,basic,2,0.8637263476848602,0.9201785940676928,0.5859375
419,3,0.5,0.5,basic,3,0.8271101862192154,0.8625811962410808,0.599609375
420,3,0.5,0.5,basic,4,0.7632920481264591,0.8064848566427827,0.6484375
421,3,0.5,0.5,basic,5,0.6767053194344044,0.730337823741138,0.6865234375
422,3,0.5,0.5,basic,6,0.6074598282575607,0.6047980333678424,0.7392578125
423,3,0.5,0.5,basic,7,0.5507722068578005,0.47137001855298877,0.7802734375
424,3,0.5,0.5,basic,8,0.42653403244912624,0.3902814176399261,0.8017578125
425,3,0.5,0.5,basic,9,0.5333683844655752,0.30716978176496923,0.763671875
426,4,0.5,0.5,basic,0,0.9671279266476631,1.0420795259997249,0.4921875
427,4,0.5,0.5,basic,1,0.9007602669298649,0.9365725992247462,0.5654296875
428,4,0.5,0.5,basic,2,0.8749167956411839,0.8895510723814368,0.576171875
429,4,0.5,0.5,basic,3,0.8521638587117195,0.8499148683622479,0.572265625
430,4,0.5,0.5,basic,4,0.7936971746385098,0.7920939465984702,0.623046875
431,4,0.5,0.5,basic,5,0.7692893631756306,0.7173905726522207,0.6474609375
432,4,0.5,0.5,basic,6,0.6705821752548218,0.6107757175341249,0.673828125
433,4,0.5,0.5,basic,7,0.5787648689001799,0.47735684970393777,0.75
434,4,0.5,0.5,basic,8,0.5075330417603254,0.3876593839377165,0.7919921875
435,4,0.5,0.5,basic,9,0.4320908496156335,0.29871420795097947,0.853515625
436,5,0.5,0.5,basic,0,1.0088363476097584,1.0370600521564484,0.50390625
437,5,0.5,0.5,basic,1,0.9771162308752537,0.9582232143729925,0.5341796875
438,5,0.5,0.5,basic,2,0.8956008069217205,0.8850824814289808,0.572265625
439,5,0.5,0.5,basic,3,0.8250816017389297,0.8120908103883266,0.60546875
440,5,0.5,0.5,basic,4,0.8262226805090904,0.72145183570683,0.6103515625
441,5,0.5,0.5,basic,5,0.6996950544416904,0.6580535690300167,0.703125
442,5,0.5,0.5,basic,6,0.6041325069963932,0.5301478016190231,0.7216796875
443,5,0.5,0.5,basic,7,0.6438312847167253,0.4258313216269016,0.740234375
444,5,0.5,0.5,basic,8,0.5544273890554905,0.35678087174892426,0.7666015625
445,5,0.5,0.5,basic,9,0.4099859772250056,0.2872702789027244,0.8427734375
446,6,0.5,0.5,basic,0,1.0071824938058853,1.0568053973838687,0.501953125
447,6,0.5,0.5,basic,1,0.8927454091608524,0.9587660217657685,0.5810546875
448,6,0.5,0.5,basic,2,0.834511362016201,0.8823310323059559,0.60546875
449,6,0.5,0.5,basic,3,0.7635400295257568,0.8084145626053214,0.66796875
450,6,0.5,0.5,basic,4,0.708974301815033,0.7082313681021333,0.6796875
451,6,0.5,0.5,basic,5,0.6793836131691933,0.6175107508897781,0.68359375
452,6,0.5,0.5,basic,6,0.5613428987562656,0.5175968548282981,0.7744140625
453,6,0.5,0.5,basic,7,0.5035340115427971,0.40123702329583466,0.7783203125
454,6,0.5,0.5,basic,8,0.4906073287129402,0.34732179436832666,0.8154296875
455,6,0.5,0.5,basic,9,0.43848225846886635,0.27607102738693357,0.8369140625
456,7,0.5,0.5,basic,0,0.8963954299688339,0.9947245633229613,0.560546875
457,7,0.5,0.5,basic,1,0.8297535218298435,0.8591235326603055,0.6240234375
458,7,0.5,0.5,basic,2,0.7547791600227356,0.763668829575181,0.6455078125
459,7,0.5,0.5,basic,3,0.6454029567539692,0.6426308806985617,0.728515625
460,7,0.5,0.5,basic,4,0.5763068571686745,0.5289405989460647,0.740234375
461,7,0.5,0.5,basic,5,0.4959046747535467,0.4229840491898358,0.806640625
462,7,0.5,0.5,basic,6,0.4026827961206436,0.3324794655200094,0.837890625
463,7,0.5,0.5,basic,7,0.35012486949563026,0.25289799529127777,0.8564453125
464,7,0.5,0.5,basic,8,0.3191393902525306,0.1931148424046114,0.8720703125
465,7,0.5,0.5,basic,9,0.23621999099850655,0.13551674818154424,0.9150390625
466,8,0.5,0.5,basic,0,0.9746770411729813,1.037680690176785,0.5107421875
467,8,0.5,0.5,basic,1,0.9178713001310825,0.9311194671317935,0.54296875
468,8,0.5,0.5,basic,2,0.8995140120387077,0.8700473764911294,0.55078125
469,8,0.5,0.5,basic,3,0.7760667540132999,0.789719196036458,0.615234375
470,8,0.5,0.5,basic,4,0.7302593141794205,0.7020394410938025,0.65625
471,8,0.5,0.5,basic,5,0.6640845201909542,0.6229857364669442,0.7041015625
472,8,0.5,0.5,basic,6,0.5815755892544985,0.5154647333547473,0.748046875
473,8,0.5,0.5,basic,7,0.600620562210679,0.3865019427612424,0.7685546875
474,8,0.5,0.5,basic,8,0.37768386490643024,0.29052199772559106,0.8515625
475,8,0.5,0.5,basic,9,0.33991046436131,0.2125810949364677,0.8671875
476,9,0.5,0.5,basic,0,0.9665998667478561,1.0301110194996,0.5439453125
477,9,0.5,0.5,basic,1,0.8933039233088493,0.9153174813836813,0.5576171875
478,9,0.5,0.5,basic,2,0.8425638303160667,0.8530446477234364,0.58203125
479,9,0.5,0.5,basic,3,0.739525131881237,0.7687158370390534,0.6455078125
480,9,0.5,0.5,basic,4,0.7215081080794334,0.6730970749631524,0.662109375
481,9,0.5,0.5,basic,5,0.5720767620950937,0.5944209401495755,0.7587890625
482,9,0.5,0.5,basic,6,0.6145061310380697,0.49812274845317006,0.734375
483,9,0.5,0.5,basic,7,0.44631716050207615,0.3880073798354715,0.814453125
484,9,0.5,0.5,basic,8,0.505825836211443,0.30746450391598046,0.7841796875
485,9,0.5,0.5,basic,9,0.39019695669412613,0.26530940225347877,0.8310546875
486,0,0.5,0.5,auto,0,1.0453477315604687,1.0634057577699423,0.4208984375
487,0,0.5,0.5,auto,1,1.0294609181582928,1.0460876701399684,0.4951171875
488,0,0.5,0.5,auto,2,1.025368358939886,1.0397836081683636,0.4951171875
489,0,0.5,0.5,auto,3,0.9898396208882332,1.0210764361545444,0.509765625
490,0,0.5,0.5,auto,4,0.9876102991402149,0.9918860793113708,0.5029296875
491,0,0.5,0.5,auto,5,0.9153840616345406,0.9486031448468566,0.541015625
492,0,0.5,0.5,auto,6,0.9288421906530857,0.9014881802722812,0.560546875
493,0,0.5,0.5,auto,7,0.8542404286563396,0.8610801436007023,0.5888671875
494,0,0.5,0.5,auto,8,0.8256042376160622,0.8214584346860647,0.591796875
495,0,0.5,0.5,auto,9,0.7504286132752895,0.7637602360919118,0.6611328125
496,1,0.5,0.5,auto,0,1.0651718825101852,1.0883277794346213,0.5009765625
497,1,0.5,0.5,auto,1,1.0134487748146057,1.0540574509650469,0.5009765625
498,1,0.5,0.5,auto,2,1.00800896063447,1.0434691915288568,0.5009765625
499,1,0.5,0.5,auto,3,1.0151995979249477,1.0401072558015585,0.5087890625
500,1,0.5,0.5,auto,4,0.9897716604173183,1.0377660784870386,0.501953125
501,1,0.5,0.5,auto,5,0.9398584216833115,1.0080911600962281,0.5380859375
502,1,0.5,0.5,auto,6,0.954238660633564,0.96459870506078,0.5390625
503,1,0.5,0.5,auto,7,0.9021221287548542,0.9278015540912747,0.5791015625
504,1,0.5,0.5,auto,8,0.910070888698101,0.9162064585834742,0.5712890625
505,1,0.5,0.5,auto,9,0.9017574340105057,0.8861584281548858,0.55859375
506,2,0.5,0.5,auto,0,1.0546968057751656,1.0587774338200688,0.4970703125
507,2,0.5,0.5,auto,1,1.0627246797084808,1.0369548611342907,0.4970703125
508,2,0.5,0.5,auto,2,1.0461200810968876,1.0439283028244972,0.4970703125
509,2,0.5,0.5,auto,3,1.047716960310936,1.0247530257329345,0.4970703125
510,2,0.5,0.5,auto,4,1.0172060243785381,1.0123747885227203,0.509765625
511,2,0.5,0.5,auto,5,1.0113386698067188,0.9885279526934028,0.5224609375
512,2,0.5,0.5,auto,6,1.0064452216029167,0.9693577336147428,0.525390625
513,2,0.5,0.5,auto,7,0.9620621725916862,0.9374318830668926,0.5517578125
514,2,0.5,0.5,auto,8,0.947016041725874,0.933542619459331,0.5458984375
515,2,0.5,0.5,auto,9,0.8990949802100658,0.8791886446997523,0.5634765625
516,3,0.5,0.5,auto,0,1.065897312015295,1.056480135768652,0.4921875
517,3,0.5,0.5,auto,1,1.0249560661613941,1.0357519583776593,0.4990234375
518,3,0.5,0.5,auto,2,0.9777162596583366,1.0032445201650262,0.521484375
519,3,0.5,0.5,auto,3,0.9767961353063583,0.9647920578718185,0.541015625
520,3,0.5,0.5,auto,4,0.9477439671754837,0.9271612446755171,0.5595703125
521,3,0.5,0.5,auto,5,0.8946137093007565,0.8813287308439612,0.5712890625
522,3,0.5,0.5,auto,6,0.9088553003966808,0.8443883582949638,0.56640625
523,3,0.5,0.5,auto,7,0.8827207759022713,0.7784815300256014,0.576171875
524,3,0.5,0.5,auto,8,0.811139989644289,0.7453133491799235,0.6298828125
525,3,0.5,0.5,auto,9,0.7577261552214622,0.6874965685419738,0.6787109375
526,4,0.5,0.5,auto,0,1.018578216433525,1.0809770403429866,0.505859375
527,4,0.5,0.5,auto,1,1.0106549337506294,1.047799801453948,0.505859375
528,4,0.5,0.5,auto,2,1.0101047493517399,1.039529592730105,0.505859375
529,4,0.5,0.5,auto,3,1.0069590769708157,1.0282007167115808,0.51171875
530,4,0.5,0.5,auto,4,0.9437504857778549,0.9987163357436657,0.5244140625
531,4,0.5,0.5,auto,5,0.9249156266450882,0.946552193723619,0.5537109375
532,4,0.5,0.5,auto,6,0.9180786535143852,0.947655975818634,0.548828125
533,4,0.5,0.5,auto,7,0.8748820200562477,0.8931435905396938,0.56640625
534,4,0.5,0.5,auto,8,0.8344448804855347,0.8561138203367591,0.587890625
535,4,0.5,0.5,auto,9,0.8349025882780552,0.833490876480937,0.61328125
536,5,0.5,0.5,auto,0,1.029750145971775,1.0712015749886632,0.5107421875
537,5,0.5,0.5,auto,1,1.0171420276165009,1.0400828765705228,0.5107421875
538,5,0.5,0.5,auto,2,1.082633599638939,1.0192861128598452,0.3603515625
539,5,0.5,0.5,auto,3,0.9378891810774803,0.9937381381168962,0.5556640625
540,5,0.5,0.5,auto,4,0.9413935355842113,0.9454724295064807,0.5380859375
541,5,0.5,0.5,auto,5,0.8884623423218727,0.9008614243939519,0.58203125
542,5,0.5,0.5,auto,6,0.8359139636158943,0.8715023109689355,0.6171875
543,5,0.5,0.5,auto,7,0.8105520196259022,0.8309957068413496,0.62890625
544,5,0.5,0.5,auto,8,0.7974927723407745,0.7909165918827057,0.6416015625
545,5,0.5,0.5,auto,9,0.8342251442372799,0.712473257444799,0.6064453125
546,6,0.5,0.5,auto,0,1.0227352567017078,1.0666613299399614,0.4970703125
547,6,0.5,0.5,auto,1,1.012574464082718,1.0382852042093873,0.4970703125
548,6,0.5,0.5,auto,2,0.9960252866148949,1.0124384257942438,0.50390625
549,6,0.5,0.5,auto,3,0.9388556517660618,0.9770054817199707,0.5390625
550,6,0.5,0.5,auto,4,0.9216597825288773,0.9434295780956745,0.5400390625
551,6,0.5,0.5,auto,5,0.8964825235307217,0.9115559505298734,0.548828125
552,6,0.5,0.5,auto,6,0.8812773264944553,0.8887839093804359,0.576171875
553,6,0.5,0.5,auto,7,0.8850347027182579,0.8858203319832683,0.5595703125
554,6,0.5,0.5,auto,8,0.8537705428898335,0.8533592224121094,0.59765625
555,6,0.5,0.5,auto,9,0.8694893717765808,0.8283476419746876,0.60546875
556,7,0.5,0.5,auto,0,1.043555248528719,1.0735706128180027,0.4990234375
557,7,0.5,0.5,auto,1,1.0389988087117672,1.0482559027150273,0.4990234375
558,7,0.5,0.5,auto,2,1.0127424597740173,1.0276904636994004,0.5068359375
559,7,0.5,0.5,auto,3,0.9785143360495567,0.9956157822161913,0.5263671875
560,7,0.5,0.5,auto,4,0.9353882968425751,0.9592662453651428,0.55859375
561,7,0.5,0.5,auto,5,0.9177764989435673,0.9129814803600311,0.546875
562,7,0.5,0.5,auto,6,0.8392323069274426,0.8683214243501425,0.5986328125
563,7,0.5,0.5,auto,7,0.8120339438319206,0.8164807967841625,0.615234375
564,7,0.5,0.5,auto,8,0.808662261813879,0.7531949365511537,0.611328125
565,7,0.5,0.5,auto,9,0.7546969167888165,0.6997480131685734,0.6689453125
566,8,0.5,0.5,auto,0,1.0650166049599648,1.0565556287765503,0.4931640625
567,8,0.5,0.5,auto,1,1.0543731153011322,1.0386727089062333,0.4931640625
568,8,0.5,0.5,auto,2,1.0465599857270718,1.0316963009536266,0.4931640625
569,8,0.5,0.5,auto,3,1.0264287553727627,1.0195961613208055,0.4970703125
570,8,0.5,0.5,auto,4,1.0032612048089504,0.9813916627317667,0.546875
571,8,0.5,0.5,auto,5,0.9507373720407486,0.9406023873016238,0.5341796875
572,8,0.5,0.5,auto,6,0.9387807510793209,0.9155746921896935,0.5732421875
573,8,0.5,0.5,auto,7,0.9259515963494778,0.8896999005228281,0.5576171875
574,8,0.5,0.5,auto,8,0.8777688108384609,0.8574710739776492,0.5810546875
575,8,0.5,0.5,auto,9,0.8406756706535816,0.8031173404306173,0.615234375
576,9,0.5,0.5,auto,0,1.0264219380915165,1.0902600912377238,0.513671875
577,9,0.5,0.5,auto,1,1.0071502290666103,1.0473014758899808,0.513671875
578,9,0.5,0.5,auto,2,1.0224558934569359,1.0293662045150995,0.48828125
579,9,0.5,0.5,auto,3,0.9575181007385254,0.9959880700334907,0.541015625
580,9,0.5,0.5,auto,4,0.9219555780291557,0.9465214712545276,0.5625
581,9,0.5,0.5,auto,5,0.8946327716112137,0.9298808919265866,0.5693359375
582,9,0.5,0.5,auto,6,0.8894531056284904,0.8900855192914605,0.580078125
583,9,0.5,0.5,auto,7,0.8230526000261307,0.8833869909867644,0.619140625
584,9,0.5,0.5,auto,8,0.8055124804377556,0.809091224335134,0.6474609375
585,9,0.5,0.5,auto,9,0.7778364010155201,0.7802792843431234,0.6552734375
